initial_pose_x: -0.904789
initial_pose_y: -1.178479
initial_pose_a: -0.816575

